Races involving main:   2240
Races parallel section: 11273
Total number of races:  13513
-
158.39
192.1319
192.1211
33.29
124.87
65.320
206.53
190.252
81.66
178.331
149.84
108.5
203.8
71.24
131.129
103.44
130.159
117.158
81.245
192.267
117.132
5.5
34.125
65.285
13.16
81.197
159.286
106.108
61.1
117.133
6.474
65.14
31.105
81.249
35.25
92.29
18.27
157.35
184.366
192.405
2.140
189.137
150.308
153.24
10.21
65.395
190.239
113.112
192.505
92.25
6.258
192.948
192.476
66.53
190.17
192.1090
9.44
184.92
6.489
117.133
192.913
113.185
113.91
130.195
130.147
51.102
155.53
114.70
51.110
113.169
189.260
192.1382
189.125
189.189
206.80
117.38
90.32
192.762
6.189
130.79
34.92
192.438
81.224
192.914
106.134
34.133
192.155
189.244
45.49
10.84
51.29
184.133
192.1347
152.136
206.71
10.44
40.40
145.11
189.188
6.114
67.10
184.343
192.710
19.2
26.12
184.151
192.1235
81.52
9.21
190.67
6.440
190.45
11.9
185.10
192.1222
113.34
190.122
192.732
114.150
6.121
8.58
178.238
43.106
89.33
192.19
192.1428
65.475
81.25
13.37
184.94
32.64
192.21
6.129
13.124
13.127
68.15
159.224
117.22
178.309
158.348
13.78
11.8
106.251
9.46
9.36
192.1274
66.17
114.112
46.6
34.104
53.6
192.10
190.203
31.18
65.88
6.63
116.10
32.53
48.13
123.6
145.33
81.46
66.126
113.83
46.23
130.74
114.123
178.54
12.15
6.63
6.381
206.54
48.15
184.298
33.34
192.237
190.26
152.118
190.66
20.5
6.450
6.80
81.93
178.235
184.265
13.39
138.23
192.1104
192.1348
6.305
192.271
13.132
159.65
203.17
106.242
13.53
189.244
130.114
152.247
6.372
16.19
192.760
192.1112
8.9
65.219
151.13
115.17
16.84
192.215
192.354
44.20
81.37
66.31
192.1138
10.50
105.8
6.426
6.128
48.51
103.191
12.115
113.163
130.164
114.111
190.82
71.33
16.65
184.223
189.173
192.1403
65.220
47.3
192.425
116.30
177.239
158.277
150.141
190.98
149.38
117.23
192.46
8.142
45.30
42.33
31.83
81.301
106.28
43.56
192.1159
6.146
130.131
6.94
189.105
192.1130
67.2
6.447
192.1014
184.228
117.150
192.1041
117.59
106.372
119.12
172.140
65.88
154.81
192.852
48.71
173.3
184.148
89.84
12.99
13.96
6.278
177.64
154.5
103.132
6.185
184.351
83.16
103.200
103.263
53.16
116.46
59.3
56.9
189.14
26.28
92.76
89.30
192.1377
44.19
43.149
184.279
187.16
44.107
65.347
88.1
113.84
192.348
66.3
26.24
199.9
117.150
200.59
152.182
65.436
37.3
159.39
40.2
48.123
192.107
184.137
106.116
10.7
106.130
45.85
90.46
45.75
189.4
6.290
16.12
44.124
178.59
2.99
8.64
66.76
206.82
201.44
106.299
115.37
106.335
65.95
178.365
159.185
130.208
184.321
192.530
199.11
200.14
184.355
39.5
106.132
13.53
106.213
6.294
145.19
106.366
132.11
41.9
2.54
40.42
45.48
13.90
192.876
116.69
114.67
65.253
103.22
106.142
184.4
8.46
81.207
182.12
53.6
92.28
192.1164
184.374
159.119
81.101
43.39
113.66
39.8
92.8
172.71
200.49
192.950
46.89
120.8
192.72
34.74
89.50
8.161
34.92
65.269
134.22
34.15
89.68
190.181
117.6
81.40
130.111
192.1265
124.80
53.8
40.39
47.5
178.244
116.94
192.719
8.41
46.96
178.249
71.15
34.14
192.781
184.220
39.14
115.35
158.120
184.336
81.174
192.574
153.24
200.41
92.7
192.467
6.506
113.176
2.43
15.2
11.22
66.23
65.199
2.137
192.596
192.22
35.21
190.65
34.37
41.18
10.53
8.159
51.87
178.180
192.984
189.23
199.19
34.44
192.230
184.318
192.142
192.155
184.265
115.1
152.211
192.707
192.1336
189.9
172.54
158.173
82.10
192.404
154.65
131.129
113.124
8.8
192.1308
2.117
187.86
199.13
114.178
51.24
10.42
201.42
116.63
103.261
92.49
192.596
192.617
189.240
43.43
180.49
95.1
2.144
159.78
32.19
190.150
121.11
31.22
92.5
192.224
192.1428
106.135
41.20
189.36
43.62
9.17
65.44
13.92
66.26
65.296
178.236
157.12
172.3
155.203
81.217
92.14
113.179
34.105
192.77
39.6
1.1
192.388
10.18
106.6
205.3
106.217
192.1333
106.245
192.1287
6.351
6.297
155.125
103.95
173.1
128.12
81.83
192.1258
12.86
184.162
13.88
184.232
40.20
139.4
206.82
13.42
192.1336
117.101
190.191
39.2
155.212
178.282
192.641
17.9
31.22
8.28
201.42
43.15
159.280
184.121
43.17
6.114
46.98
6.310
160.12
189.62
192.1077
117.126
192.486
34.120
117.8
117.34
192.478
48.18
45.120
68.5
192.225
158.224
48.46
192.204
192.1207
200.26
